K1: 350
K3: 350,360,370
K5: 320,330,350,360,370
K10: 320,330,340,350,360,370,400,420,450,460
K20: 230,310,320,330,340,350,360,370,380,390,400,410,420,430,440,450,460,470,500,520
K50: 100,110,120,130,140,150,160,170,180,190,200,210,220,230,240,250,260,270,280,290,300,310,320,330,340,350,360,370,380,390,400,410,420,430,440,450,460,470,480,490,500,510,520,530,540,550,560,570,580,590
--- notes ---
K1: universal (0) [] + modal 350 (3/5 folds, mr 2.0)
K3: universal (2) [350, 370] + modal 360 (3/5 folds, mr 3.6)
K5: universal (4) [330, 350, 360, 370] + modal 320 (3/5 folds, mr 4.8)
K10: universal (8) [320, 330, 350, 360, 370, 400, 420, 460] + modal 340 (3/5 folds, mr 8.2), 450 (3/5 folds, mr 10.4)
K20: universal (19) [230, 310, 320, 330, 340, 350, 360, 370, 380, 390, 400, 420, 430, 440, 450, 460, 470, 500, 520] + modal 410 (3/5 folds, mr 19.4)
K50: universal set complete (50/50)
